pic.width = 1152 and pic height = 1728
pic.width = 1152 and pic height = 1728
[0.05521472, 0.05521472, 0.05521472, 0.05725972, 0.05725972, 0.0807771, 0.118609406, 0.118609406, 0.09202454]
0.05521472
[0.05521472, 0.05521472, 0.05521472, 0.05521472, 0.05725972, 0.0807771, 0.118609406, 0.118609406, 0.09202454]
0.05521472
[0.05521472, 0.05521472, 0.05521472, 0.05521472, 0.0807771, 0.13087934, 0.118609406, 0.09202454, 0.11247444]
0.05521472
[0.05521472, 0.05521472, 0.05521472, 0.05521472, 0.13087934, 0.08179959, 0.09202454, 0.11247444, 0.08179959]
0.05521472
[0.05521472, 0.05521472, 0.05521472, 0.05521472, 0.08179959, 0.073619634, 0.11247444, 0.08179959, 0.08179959]
0.05521472
[0.05521472, 0.05521472, 0.082822084, 0.05521472, 0.073619634, 0.10224948, 0.08179959, 0.08179959, 0.08179959]
0.05521472
pic.width = 1152 and pic height = 1728
[0.05521472, 0.05521472, 0.05521472, 0.05521472, 0.05521472, 0.05521472, 0.05521472, 0.05521472, 0.05521472]
0.05521472
[0.05521472, 0.05521472, 0.05521472, 0.05521472, 0.05521472, 0.05521472, 0.05521472, 0.05521472, 0.05521472]
0.05521472
[0.05521472, 0.05521472, 0.05521472, 0.05521472, 0.05521472, 0.05521472, 0.05521472, 0.05521472, 0.05521472]
0.05521472
[0.05521472, 0.05521472, 0.05521472, 0.05521472, 0.05521472, 0.05521472, 0.05521472, 0.05521472, 0.05521472]
0.05521472
[0.05521472, 0.05521472, 0.05521472, 0.05521472, 0.05521472, 0.05521472, 0.05521472, 0.05521472, 0.05521472]
0.05521472
[0.05521472, 0.05521472, 0.082822084, 0.05521472, 0.05521472, 0.082822084, 0.05521472, 0.05521472, 0.082822084]
0.05521472
pic.width = 1152 and pic height = 1728
[0.05521472, 0.05521472, 0.05521472, 0.05521472, 0.05521472, 0.05521472, 0.05521472, 0.05521472, 0.05521472]
0.05521472
[0.05521472, 0.05521472, 0.05521472, 0.05521472, 0.05521472, 0.05521472, 0.05521472, 0.05521472, 0.05521472]
0.05521472
[0.05521472, 0.05521472, 0.05521472, 0.05521472, 0.05521472, 0.05521472, 0.05521472, 0.05521472, 0.05521472]
0.05521472
[0.05521472, 0.05521472, 0.05521472, 0.05521472, 0.05521472, 0.05521472, 0.05521472, 0.05521472, 0.05521472]
0.05521472
[0.05521472, 0.05521472, 0.05521472, 0.05521472, 0.05521472, 0.05521472, 0.05521472, 0.05521472, 0.05521472]
0.05521472
[0.05521472, 0.05521472, 0.082822084, 0.05521472, 0.05521472, 0.082822084, 0.05521472, 0.05521472, 0.082822084]
0.05521472
